 0 0
 0.01 0.0099998333341666645
 0.02 0.01999866669333308
 0.029999999999999999 0.02999550020249566
 0.040000000000000001 0.039989334186634161
 0.050000000000000003 0.049979169270678331
 0.059999999999999998 0.059964006479444595
 0.070000000000000007 0.069942847337532768
 0.080000000000000002 0.079914693969172695
 0.089999999999999997 0.08987854919801104
 0.10000000000000001 0.099833416646828155
 0.11 0.10977830083717481
 0.12 0.11971220728891936
 0.13 0.12963414261969486
 0.14000000000000001 0.13954311464423649
 0.14999999999999999 0.14943813247359922
 0.16 0.15931820661424598
 0.17000000000000001 0.16918234906699603
 0.17999999999999999 0.17902957342582418
 0.19 0.18885889497650057
 0.20000000000000001 0.19866933079506122
 0.20999999999999999 0.20845989984609956
 0.22 0.21822962308086932
 0.23000000000000001 0.22797752353518841
 0.23999999999999999 0.23770262642713458
 0.25 0.24740395925452294
 0.26000000000000001 0.25708055189215512
 0.27000000000000002 0.26673143668883115
 0.28000000000000003 0.27635564856411376
 0.28999999999999998 0.28595222510483553
 0.29999999999999999 0.29552020666133955
 0.31 0.3050586364434435
 0.32000000000000001 0.31456656061611776
 0.33000000000000002 0.32404302839486837
 0.34000000000000002 0.3334870921408144
 0.35000000000000003 0.3428978074554514
 0.35999999999999999 0.35227423327508994
 0.37 0.36161543196496199
 0.38 0.37092046941298268
 0.39000000000000001 0.38018841512316143
 0.40000000000000002 0.38941834230865052
 0.41000000000000003 0.39860932798442295
 0.41999999999999998 0.40776045305957015
 0.42999999999999999 0.41687080242921076
 0.44 0.42593946506599961
 0.45000000000000001 0.43496553411123023
 0.46000000000000002 0.44394810696551978
 0.47000000000000003 0.45288628537906833
 0.47999999999999998 0.4617791755414829
 0.48999999999999999 0.47062588817115802
 0.5 0.47942553860420301
 0.51000000000000001 0.48817724688290748
 0.52000000000000002 0.49688013784373675
 0.53000000000000003 0.50553334120484694
 0.54000000000000004 0.51413599165311319
 0.55000000000000004 0.52268722893065922
 0.56000000000000005 0.5311861979208834
 0.57000000000000006 0.53963204873396931
 0.57999999999999996 0.54802393679187356
 0.58999999999999997 0.55636102291278378
 0.59999999999999998 0.56464247339503537
 0.60999999999999999 0.57286746010048128
 0.62 0.58103516053730508
 0.63 0.5891447579422695
 0.64000000000000001 0.59719544136239211
 0.65000000000000002 0.60518640573603955
 0.66000000000000003 0.6131168519734338
 0.67000000000000004 0.62098598703655972
 0.68000000000000005 0.62879302401846859
 0.69000000000000006 0.63653718222196798
 0.70000000000000007 0.64421768723769113
 0.70999999999999996 0.65183377102153661
 0.71999999999999997 0.6593846719714731
 0.72999999999999998 0.66686963500369789
 0.73999999999999999 0.67428791162814505
 0.75 0.68163876002333412
 0.76000000000000001 0.68892144511055131
 0.77000000000000002 0.69613523862735671
 0.78000000000000003 0.70327941920041015
 0.79000000000000004 0.71035327241760782
 0.80000000000000004 0.71735609089952279
 0.81000000000000005 0.72428717437014256
 0.82000000000000006 0.7311458297268959
 0.83000000000000007 0.73793137110996276
 0.83999999999999997 0.7446431199708593
 0.84999999999999998 0.75128040514029271
 0.85999999999999999 0.75784256289527696
 0.87 0.76432893702550508
 0.88 0.7707388788989693
 0.89000000000000001 0.77707174752682384
 0.90000000000000002 0.78332690962748341
 0.91000000000000003 0.78950373968995047
 0.92000000000000004 0.79560162003636603
 0.93000000000000005 0.80161994088377719
 0.94000000000000006 0.80755810040511433
 0.95000000000000007 0.81341550478937374
 0.95999999999999996 0.81919156830099826
 0.96999999999999997 0.82488571333845007
 0.97999999999999998 0.83049737049197048
 0.98999999999999999 0.83602597860052053
 1 0.8414709848078965
 1.01 0.84683184461801519
 1.02 0.85210802194936297
 1.03 0.85729898918860337
 1.04 0.86240422724333843
 1.05 0.86742322559401697
 1.0600000000000001 0.87235548234498628
 1.0700000000000001 0.87720050427468166
 1.0800000000000001 0.88195780688494751
 1.0900000000000001 0.88662691444948727
 1.1000000000000001 0.89120736006143542
 1.1100000000000001 0.89569868568004762
 1.1200000000000001 0.90010044217650509
 1.1300000000000001 0.90441218937882595
 1.1400000000000001 0.90863349611588329
 1.1500000000000001 0.9127639402605211
 1.1599999999999999 0.91680310877176685
 1.1699999999999999 0.92075059773613566
 1.1799999999999999 0.92460601240802032
 1.1899999999999999 0.92836896724916662
 1.2 0.93203908596722629
 1.21 0.93561600155338587
 1.22 0.9390993563190676
 1.23 0.94248880193169748
 1.24 0.94578399944953895
 1.25 0.9489846193555862
 1.26 0.95209034159051575
 1.27 0.95510085558469227
 1.28 0.95801586028922492
 1.29 0.96083506420607268
 1.3 0.96355818541719296
 1.3100000000000001 0.96618495161273399
 1.3200000000000001 0.96871510011826523
 1.3300000000000001 0.97114837792104458
 1.3400000000000001 0.97348454169531939
 1.3500000000000001 0.97572335782665909
 1.3600000000000001 0.97786460243531625
 1.3700000000000001 0.97990806139861419
 1.3800000000000001 0.98185353037235978
 1.3900000000000001 0.98370081481127658
 1.4000000000000001 0.98544972998846025
 1.4099999999999999 0.98710010101385037
 1.4199999999999999 0.98865176285171974
 1.4299999999999999 0.99010456033717775
 1.4399999999999999 0.99145834819168643
 1.45 0.99271299103758848
 1.46 0.99386836341164486
 1.47 0.99492434977758093
 1.48 0.99588084453764003
 1.49 0.99673775204314341
 1.5 0.99749498660405445
 1.51 0.99815247249754813
 1.52 0.998710143975583
 1.53 0.99916794527147601
 1.54 0.99952583060547906
 1.55 0.99978376418935699
 1.5600000000000001 0.9999417202299663
 1.5700000000000001 0.99999968293183461
 1.5800000000000001 0.99995764649874008
 1.5900000000000001 0.99981561513429085
 1.6000000000000001 0.99957360304150511
 1.6100000000000001 0.99923163442139051
 1.6200000000000001 0.99878974347052396
 1.6300000000000001 0.99824797437763246
 1.6400000000000001 0.99760638131917367
 1.6500000000000001 0.99686502845391889
 1.6600000000000001 0.99602398991653673
 1.6699999999999999 0.99508334981018021
 1.6799999999999999 0.99404320219807596
 1.6899999999999999 0.99290365109411849
 1.7 0.99166481045246857
 1.71 0.99032680415615804
 1.72 0.98888976600470146
 1.73 0.98735383970071644
 1.74 0.98571917883555349
 1.75 0.98398594687393692
 1.76 0.98215431713761847
 1.77 0.98022447278804548
 1.78 0.97819660680804466
 1.79 0.97607092198252421
 1.8 0.97384763087819515
 1.8100000000000001 0.9715269558223153
 1.8200000000000001 0.96910912888045631
 1.8300000000000001 0.96659439183329754
 1.8400000000000001 0.96398299615244809
 1.8500000000000001 0.96127520297529989
 1.8600000000000001 0.95847128307891416
 1.8700000000000001 0.95557151685294395
 1.8800000000000001 0.95257619427159534
 1.8900000000000001 0.94948561486463046
 1.9000000000000001 0.94630008768741447
 1.9100000000000001 0.94301993129001049
 1.9199999999999999 0.93964547368532492
 1.9299999999999999 0.9361770523163061
 1.9399999999999999 0.93261501402220048
 1.95 0.92895971500386931
 1.96 0.92521152078816826
 1.97 0.92137080619139544
 1.98 0.91743795528180982
 1.99 0.91341336134122519
 2 0.90929742682568171
 2.0100000000000002 0.90509056332520088
 2.02 0.90079319152262727
 2.0300000000000002 0.8964057411515598
 2.04 0.89192865095337959
 2.0499999999999998 0.88736236863337548
 2.0600000000000001 0.88270735081597407
 2.0699999999999998 0.87796406299907814
 2.0800000000000001 0.87313297950751645
 2.0899999999999999 0.86821458344561264
 2.1000000000000001 0.86320936664887371
 2.1099999999999999 0.85811782963480887
 2.1200000000000001 0.85294048155287616
 2.1299999999999999 0.84767784013356984
 2.1400000000000001 0.84233043163664567
 2.1499999999999999 0.83689879079849772
 2.1600000000000001 0.83138346077868308
 2.1699999999999999 0.82578499310560805
 2.1800000000000002 0.82010394762137417
 2.1899999999999999 0.81434089242579599
 2.2000000000000002 0.80849640381959009
 2.21 0.80257106624674723
 2.2200000000000002 0.79656547223608654
 2.23 0.79048022234200477
 2.2400000000000002 0.78431592508441983
 2.25 0.7780731968879212
 2.2600000000000002 0.77175266202012571
 2.27 0.76535495252925356
 2.2800000000000002 0.75888070818092179
 2.29 0.75233057639417067
 2.3000000000000003 0.74570521217672003
 2.3100000000000001 0.7390052780594708
 2.3199999999999998 0.73223144403025142
 2.3300000000000001 0.72538438746681955
 2.3399999999999999 0.71846479306912625
 2.3500000000000001 0.71147335279084434
 2.3599999999999999 0.70441076577017625
 2.3700000000000001 0.69727773825993777
 2.3799999999999999 0.69007498355693642
 2.3900000000000001 0.68280322193063969
 2.3999999999999999 0.67546318055115095
 2.4100000000000001 0.66805559341649101
 2.4199999999999999 0.66058120127920072
 2.4300000000000002 0.65304075157226482
 2.4399999999999999 0.64543499833437068
 2.4500000000000002 0.63776470213450365
 2.46 0.63003062999589221
 2.4700000000000002 0.62223355531930469
 2.48 0.61437425780571175
 2.4900000000000002 0.60645352337831471
 2.5 0.59847214410395655
 2.5100000000000002 0.59043091811391268
 2.52 0.58233064952408187
 2.5300000000000002 0.57417214835457231
 2.54 0.5659562304487028
 2.5500000000000003 0.55768371739141664
 2.5600000000000001 0.54935543642712659
 2.5699999999999998 0.54097222037698856
 2.5800000000000001 0.53253490755562116
 2.5899999999999999 0.52404434168727609
 2.6000000000000001 0.51550137182146416
 2.6099999999999999 0.50690685224805343
 2.6200000000000001 0.49826164241183857
 2.6299999999999999 0.48956660682659953
 2.6400000000000001 0.48082261498864826
 2.6499999999999999 0.47203054128988264
 2.6600000000000001 0.46319126493034518
 2.6699999999999999 0.45430566983030646
 2.6800000000000002 0.44537464454187115
 2.6899999999999999 0.43639908216012629
 2.7000000000000002 0.42737988023382978
 2.71 0.41831794067565897
 2.7200000000000002 0.40921416967201729
 2.73 0.40006947759241951
 2.7400000000000002 0.39088477889845219
 2.75 0.38166099205233167
 2.7600000000000002 0.37239903942505531
 2.77 0.36309984720416832
 2.7800000000000002 0.3537643453011427
 2.79 0.34439346725838998
 2.8000000000000003 0.33498815015590466
 2.8100000000000001 0.32554933451756002
 2.8199999999999998 0.31607796421705381
 2.8300000000000001 0.30657498638352293
 2.8399999999999999 0.2970413513068324
 2.8500000000000001 0.28747801234254439
 2.8599999999999999 0.27788592581658678
 2.8700000000000001 0.26826605092961792
 2.8799999999999999 0.25861934966111083
 2.8900000000000001 0.24894678667315256
 2.8999999999999999 0.23924932921398243
 2.9100000000000001 0.22952794702126419
 2.9199999999999999 0.21978361222511694
 2.9300000000000002 0.21001729925089915
 2.9399999999999999 0.20022998472177053
 2.9500000000000002 0.19042264736102704
 2.96 0.18059626789423291
 2.9700000000000002 0.17075182895114532
 2.98 0.16089031496745576
 2.9900000000000002 0.15101271208634384
 3 0.14112000805986721
 3.0100000000000002 0.13121319215018379
 3.02 0.12129325503062975
 3.0300000000000002 0.11136118868664958
 3.04 0.10141798631660186
 3.0500000000000003 0.091464642232436749
 3.0600000000000001 0.08150215176026912
 3.0700000000000003 0.07153151114084326
 3.0800000000000001 0.061553717429913148
 3.0899999999999999 0.051569768398534638
 3.1000000000000001 0.041580662433290491
 3.1099999999999999 0.031587398436453896
 3.1200000000000001 0.021590975726095959
 3.1299999999999999 0.011592393936158275
 3.1400000000000001 0.0015926529164868282
 3.1499999999999999 -0.0084072473671486184
 3.1600000000000001 -0.018406306933053809
 3.1699999999999999 -0.02840352588360379
 3.1800000000000002 -0.038397904505235378
 3.1899999999999999 -0.04838844336841415
 3.2000000000000002 -0.058374143427580086
 3.21 -0.068354006121047778
 3.2200000000000002 -0.078327033470865295
 3.23 -0.088292228182607596
 3.2400000000000002 -0.098248593745108678
 3.25 -0.10819513453010837
 3.2600000000000002 -0.11813085589181781
 3.27 -0.12805476426637968
 3.2800000000000002 -0.13796586727122728
 3.29 -0.14786317380431852
 3.3000000000000003 -0.15774569414324865
 3.3100000000000001 -0.16761244004421832
 3.3200000000000003 -0.17746242484086058
 3.3300000000000001 -0.18729466354290317
 3.3399999999999999 -0.19710817293466984
 3.3500000000000001 -0.20690197167339977
 3.3599999999999999 -0.21667508038737962
 3.3700000000000001 -0.22642652177388314
 3.3799999999999999 -0.23615532069689699
 3.3900000000000001 -0.24586050428463702
 3.3999999999999999 -0.25554110202683122
 3.4100000000000001 -0.26519614587177337
 3.4199999999999999 -0.27482467032312402
 3.4300000000000002 -0.28442571253646254
 3.4399999999999999 -0.29399831241556762
 3.4500000000000002 -0.30354151270842933
 3.46 -0.31305435910297019
 3.4700000000000002 -0.32253590032247897
 3.48 -0.33198518822073408
 3.4900000000000002 -0.34140127787682095
 3.5 -0.35078322768961984
 3.5100000000000002 -0.36013009947196856
 3.52 -0.36944095854447712
 3.5300000000000002 -0.37871487382899804
 3.54 -0.38795091794173031
 3.5500000000000003 -0.3971481672859602
 3.5600000000000001 -0.4063057021444168
 3.5700000000000003 -0.41542260677124626
 3.5800000000000001 -0.42449796948358259
 3.5899999999999999 -0.43353088275271773
 3.6000000000000001 -0.44252044329485246
 3.6099999999999999 -0.45146575216142315
 3.6200000000000001 -0.4603659148289983
 3.6299999999999999 -0.46922004128872713
 3.6400000000000001 -0.47802724613534286
 3.6499999999999999 -0.48678664865569937
 3.6600000000000001 -0.49549737291684492
 3.6699999999999999 -0.50415854785361147
 3.6800000000000002 -0.51276930735572379
 3.6899999999999999 -0.52132879035440649
 3.7000000000000002 -0.5298361409084934
 3.71 -0.53829050829001768
 3.7200000000000002 -0.54669104706928717
 3.73 -0.55503691719942383
 3.7400000000000002 -0.56332728410037003
 3.75 -0.57156131874234373
 3.7600000000000002 -0.57973819772874313
 3.77 -0.58785710337848274
 3.7800000000000002 -0.59591722380776424
 3.79 -0.60391775301126061
 3.8000000000000003 -0.61185789094271925
 3.8100000000000001 -0.61973684359496328
 3.8200000000000003 -0.62755382307929364
 3.8300000000000001 -0.63530804770427562
 3.8399999999999999 -0.64299874205390883
 3.8500000000000001 -0.65062513706516734
 3.8599999999999999 -0.65818647010490494
 3.8700000000000001 -0.6656819850461192
 3.8799999999999999 -0.67311093234356167
 3.8900000000000001 -0.68047256910869403
 3.8999999999999999 -0.68776615918397377
 3.9100000000000001 -0.69499097321647196
 3.9199999999999999 -0.70214628873080542
 3.9300000000000002 -0.70923139020138615
 3.9399999999999999 -0.71624556912397053
 3.9500000000000002 -0.72318812408651212
 3.96 -0.73005836083929954
 3.9700000000000002 -0.73685559236438336
 3.98 -0.74357913894427463
 3.9900000000000002 -0.75022832822991903
 4 -0.7568024953079282
 4.0099999999999998 -0.76330098276707337
 4.0200000000000005 -0.76972314076402437
 4.0300000000000002 -0.77606832708833229
 4.04 -0.7823359072266528
 4.0499999999999998 -0.78852525442619503
 4.0600000000000005 -0.79463574975739737
 4.0700000000000003 -0.80066678217581766
 4.0800000000000001 -0.80661774858324053
 4.0899999999999999 -0.81248805388798429
 4.0999999999999996 -0.81827711106441026
 4.1100000000000003 -0.82398434121162578
 4.1200000000000001 -0.82960917361137088
 4.1299999999999999 -0.83515104578509347
 4.1399999999999997 -0.84060940355019453
 4.1500000000000004 -0.84598370107544651
 4.1600000000000001 -0.85127340093557446
 4.1699999999999999 -0.85647797416500115
 4.1799999999999997 -0.86159690031074054
 4.1900000000000004 -0.86662966748444425
 4.2000000000000002 -0.87157577241358819
 4.21 -0.87643472049180138
 4.2199999999999998 -0.8812060258283253
 4.2300000000000004 -0.8858892112966027
 4.2400000000000002 -0.8904838085819885
 4.25 -0.8949893582285835
 4.2599999999999998 -0.89940540968517768
 4.2700000000000005 -0.90373152135030566
 4.2800000000000002 -0.90796726061640542
 4.29 -0.91211220391308034
 4.2999999999999998 -0.9161659367494549
 4.3100000000000005 -0.92012805375562401
 4.3200000000000003 -0.92399815872318791
 4.3300000000000001 -0.92777586464487549
 4.3399999999999999 -0.93146079375324253
 4.3500000000000005 -0.93505257755844939
 4.3600000000000003 -0.93855085688510786
 4.3700000000000001 -0.94195528190820099
 4.3799999999999999 -0.94526551218806332
 4.3899999999999997 -0.94848121670442564
 4.4000000000000004 -0.95160207388951601
 4.4100000000000001 -0.9546277716602164
 4.4199999999999999 -0.95755800744927111
 4.4299999999999997 -0.96039248823554335
 4.4400000000000004 -0.96313093057331667
 4.4500000000000002 -0.96577306062063883
 4.46 -0.96831861416670717
 4.4699999999999998 -0.97076733665828829
 4.4800000000000004 -0.97311898322517387
 4.4900000000000002 -0.97537331870466648
 4.5 -0.97753011766509701
 4.5099999999999998 -0.97958916442836685
 4.5200000000000005 -0.98155025309151556
 4.5300000000000002 -0.98341318754731077
 4.54 -0.98517778150385948
 4.5499999999999998 -0.98684385850323653
 4.5600000000000005 -0.9884112519391306
 4.5700000000000003 -0.98987980507350393
 4.5800000000000001 -0.99124937105226696
 4.5899999999999999 -0.99251981291996316
 4.6000000000000005 -0.99369100363346452
 4.6100000000000003 -0.99476282607467559
 4.6200000000000001 -0.99573517306224535
 4.6299999999999999 -0.99660794736228553
 4.6399999999999997 -0.99738106169809326
 4.6500000000000004 -0.99805443875887945
 4.6600000000000001 -0.99862801120749889
 4.6699999999999999 -0.99910172168718481
 4.6799999999999997 -0.99947552282728402
 4.6900000000000004 -0.99974937724799395
 4.7000000000000002 -0.99992325756410083
 4.71 -0.99999714638771797
 4.7199999999999998 -0.99997103633002449
 4.7300000000000004 -0.99984493000200436
 4.7400000000000002 -0.99961884001418544
 4.75 -0.99929278897537799
 4.7599999999999998 -0.99886680949041418
 4.7700000000000005 -0.99834094415688757
 4.7800000000000002 -0.9977152455608933
 4.79 -0.99698977627176955
 4.7999999999999998 -0.99616460883584068
 4.8100000000000005 -0.99523982576916259
 4.8200000000000003 -0.99421551954927134
 4.8300000000000001 -0.99309179260593539
 4.8399999999999999 -0.99186875731091262
 4.8500000000000005 -0.99054653596671316
 4.8600000000000003 -0.9891252607943698
 4.8700000000000001 -0.98760507392021535
 4.8799999999999999 -0.98598612736167035
 4.8899999999999997 -0.98426858301204156
 4.9000000000000004 -0.98245261262433248
 4.9100000000000001 -0.98053839779406893
 4.9199999999999999 -0.97852612994113852
 4.9299999999999997 -0.97641601029064973
 4.9400000000000004 -0.97420824985280907
 4.9500000000000002 -0.97190306940182081
 4.96 -0.96950069945380879
 4.9699999999999998 -0.96700138024376603
 4.9800000000000004 -0.96440536170153046
 4.9900000000000002 -0.96171290342679339
 5 -0.95892427466313845
 5.0099999999999998 -0.95603975427111809
 5.0200000000000005 -0.95305963070036748
 5.0300000000000002 -0.94998420196076083
 5.04 -0.94681377559260893
 5.0499999999999998 -0.94354866863590658
 5.0600000000000005 -0.94018920759862834
 5.0700000000000003 -0.93673572842407893
 5.0800000000000001 -0.93318857645729758
 5.0899999999999999 -0.9295481064105251
 5.1000000000000005 -0.92581468232773212
 5.1100000000000003 -0.92198867754821623
 5.1200000000000001 -0.91807047466926694
 5.1299999999999999 -0.91406046550790698
 5.1399999999999997 -0.9099590510617106
 5.1500000000000004 -0.90576664146870445
 5.1600000000000001 -0.90148365596635482
 5.1699999999999999 -0.89711052284964243
 5.1799999999999997 -0.89264767942823464
 5.1900000000000004 -0.88809557198275424
 5.2000000000000002 -0.88345465572015314
 5.21 -0.87872539472818989
 5.2199999999999998 -0.87390826192902238
 5.2300000000000004 -0.86900373903191608
 5.2400000000000002 -0.86401231648507437
 5.25 -0.85893449342659201
 5.2599999999999998 -0.85377077763454334
 5.2700000000000005 -0.8485216854762041
 5.2800000000000002 -0.84318774185641676
 5.29 -0.83776948016509778
 5.2999999999999998 -0.83226744222390125
 5.3100000000000005 -0.82668217823203571
 5.3200000000000003 -0.82101424671124701
 5.3300000000000001 -0.81526421444996344
 5.3399999999999999 -0.80943265644661944
 5.3500000000000005 -0.8035201558521553
 5.3600000000000003 -0.79752730391170423
 5.3700000000000001 -0.79145469990546602
 5.3799999999999999 -0.78530295108878057
 5.3899999999999997 -0.77907267263140312
 5.4000000000000004 -0.77276448755598715
 5.4100000000000001 -0.76637902667578439
 5.4199999999999999 -0.75991692853156101
 5.4299999999999997 -0.75337883932774652
 5.4400000000000004 -0.74676541286781228
 5.4500000000000002 -0.74007731048889436
 5.46 -0.7333152009956565
 5.4699999999999998 -0.72647976059341313
 5.4800000000000004 -0.71957167282050749
 5.4900000000000002 -0.71259162847996149
 5.5 -0.70554032557039192
 5.5099999999999998 -0.69841846921621353
 5.5200000000000005 -0.69122677159712642
 5.5300000000000002 -0.68396595187690068
 5.54 -0.67663673613145692
 5.5499999999999998 -0.66923985727626201
 5.5600000000000005 -0.66177605499303693
 5.5700000000000003 -0.6542460756557914
 5.5800000000000001 -0.64665067225618345
 5.5899999999999999 -0.63899060432822374
 5.6000000000000005 -0.63126663787232085
 5.6100000000000003 -0.62347954527868532
 5.6200000000000001 -0.61563010525008632
 5.6299999999999999 -0.60771910272398577
 5.6399999999999997 -0.5997473287940438
 5.6500000000000004 -0.59171558063100937
 5.6600000000000001 -0.58362466140300728
 5.6699999999999999 -0.57547538019521716
 5.6799999999999997 -0.56726855192896863
 5.6900000000000004 -0.55900499728024877
 5.7000000000000002 -0.55068554259763758
 5.71 -0.54231101981966978
 5.7199999999999998 -0.53388226639164427
 5.7300000000000004 -0.52540012518187929
 5.7400000000000002 -0.51686544439742876
 5.75 -0.50827907749925838
 5.7599999999999998 -0.49964188311690244
 5.7700000000000005 -0.49095472496260095
 5.7800000000000002 -0.48221847174493154
 5.79 -0.47343399708193507
 5.7999999999999998 -0.46460217941375737
 5.8100000000000005 -0.45572390191480472
 5.8200000000000003 -0.44680005240543003
 5.8300000000000001 -0.43783152326314689
 5.8399999999999999 -0.4288192113333959
 5.8500000000000005 -0.41976401783985889
 5.8600000000000003 -0.41066684829434086
 5.8700000000000001 -0.40152861240621462
 5.8799999999999999 -0.39235022399145386
 5.8899999999999997 -0.38313260088125134
 5.9000000000000004 -0.37387666483023602
 5.9100000000000001 -0.36458334142430132
 5.9199999999999999 -0.35525355998804264
 5.9299999999999997 -0.34588825349182883
 5.9400000000000004 -0.33648835845850422
 5.9500000000000002 -0.32705481486974064
 5.96 -0.31758856607203484
 5.9699999999999998 -0.30809055868237811
 5.9800000000000004 -0.29856174249359357
 5.9900000000000002 -0.28900307037936113
 6 -0.27941549819892586
 6.0099999999999998 -0.26979998470151617
 6.0200000000000005 -0.26015749143046807
 6.0300000000000002 -0.25048898262707492
 6.04 -0.24079542513415919
 6.0499999999999998 -0.23107778829939224
 6.0600000000000005 -0.22133704387835867
 6.0700000000000003 -0.21157416593738504
 6.0800000000000001 -0.20179013075612889
 6.0899999999999999 -0.19198591672995502
 6.1000000000000005 -0.18216250427209502
 6.1100000000000003 -0.17232087571561025
 6.1200000000000001 -0.16246201521515419
 6.1299999999999999 -0.15258690864856114
 6.1400000000000006 -0.14269654351825772
 6.1500000000000004 -0.13279190885251674
 6.1600000000000001 -0.12287399510655005
 6.1699999999999999 -0.11294379406346737
 6.1799999999999997 -0.10300229873509785
 6.1900000000000004 -0.093050503262688905
 6.2000000000000002 -0.083089402817496397
 6.21 -0.073119993501263081
 6.2199999999999998 -0.063143272246612772
 6.2300000000000004 -0.053160236717356125
 6.2400000000000002 -0.04317188520872868
 6.25 -0.033179216547556817
 6.2599999999999998 -0.023183229992379449
 6.2700000000000005 -0.013184925133521251
 6.2800000000000002 -0.0031853017931379904


